Position: [11.6403809, 1.93971825, 0.241858006]
Forward: [-0.993239939, -0.113794893, -0.0229270086]