Scene: Untilted
Objects:
  - UUID: 108485186500919435
    Name: Light
    Position: [0, 5, 0]
    Rotation: [0, 0, 0]
    Scale: [1, 1, 1]
    Mesh: 0
    Material: 4
  - UUID: 1680413320627047248
    Name: Pick
    Position: [-5, 0, 0]
    Rotation: [0, 0, 1.57000005]
    Scale: [0.999998689, 0.999998689, 1]
    Mesh: 1
    Material: 0
  - UUID: 13137956050170564698
    Name: Cube
    Position: [0, 3, -4]
    Rotation: [0, 0, 0]
    Scale: [9, 7, 1]
    Mesh: 0
    Material: 3
Animations:
  - Object UUID: 1680413320627047248
    KeyFrames:
      - Frame: 2
        Value: [-5, 0, 0]
      - Frame: 13
        Value: [5, 0, 0]